0 1 0 0 0 3.24 0
0 1 0 0 0 2.85 0
0 1 0 0 0 2.46 0
0 1 0 0 0 2.06 0
0 1 0 0 0 1.67 0
0 1 0 0 0 1.28 0
0 1 0 0 0 0.89 0
0 1 0 0 0 0.49 0
0 1 0 0 0 0.1  0
0 1 0 0 0 5.99 0 
0 1 0 0 0 5.60 0
0 1 0 0 0 5.20 0
0 1 0 0 0 4.81 0
0 1 0 0 0 4.42 0
0 1 0 0 0 4.03 0
0 1 0 0 0 3.63 0
0.134786 0.413635312 -2.8185E-08  0 0 0.98 1.48 
0.377934 0.358219361 2.28312E-08  0 0 1.15 1.48
0.971739 0.306057809 -8.07206E-09 0 0 0.98 1.66
0.372454 0.304556618 -1.77856E-10 0 0 1.15 1.66
0 1 0 0 0 0 0
0 1 0 0 0 0 0
0 1 0 0 0 0 0
0 1 0 0 0 0 0
3914.921280 3.313968746	-2.09125E-05 0 0 0 2.78
4141.202214 3.228339089	-1.86603E-05 0 0 0 2.75
3728.855758 3.380634043	-2.30202E-05 0 0 0 2.72  
3847.630447 3.289264671	-2.15917E-05 0 0 0 2.69
4161.451511 3.32439098	-2.14808E-05 0 0 0 2.66
4537.407399 3.271634848	-1.90075E-05 0 0 0 2.64
4301.632241 3.350990154	-2.22545E-05 0 0 0 2.61
4621.683803 3.334706196	-2.18504E-05 0 0 0 2.59
3.432894  1.472813583 2.26139E-05 0 0 5.219 1.571
0.930541  1.346356566 2.15595E-05 0 0 5.428 3.142
-0.499357 1.394763274 1.61363E-05 0 0 0.855 3.142
-5.752697 2.00543258  1.20597E-05 0 0 0.489 1.571
7.269416 0.428405 -6.13389E-06 2.99969E-09 -2.00995E-14 2.339 0.0
22.311404 0.345484 -6.80719E-07 5.02046E-09 -6.25605E-14 3.927 0.0
0 1 0 0 0 0 0
0 1 0 0 0 0 0
4583.838822 3.258766664	-2.09345E-05 0 0 0 2.57
5074.559811 3.18124509	-1.86217E-05 0 0 0 2.54
5193.546797 3.316112742	-2.02613E-05 0 0 0 2.52 
4131.730489 3.507182899	-2.84519E-05 0 0 0 2.50 
5484.050828 3.243504592	-1.86098E-05 0 0 0 2.48
4815.704262 3.343501295	-2.33252E-05 0 0 0 2.46
5638.413165 3.190235511	-1.77716E-05 0 0 0 2.44
6225.572395 3.072496909	-1.41781E-05 0 0 0 2.42
0.349959 0.354639172 -1.86573E-08 0 0 2.51 1.66
0.584949 0.364726561  6.88236E-09 0 0 2.34 1.66
0.107925 0.370326853 -4.20637E-08 0 0 2.51 1.48
0.142228 0.365374832 -5.60202E-08 0 0 2.34 1.48
0 1 0 0 0 0 0
-0.250428 0.701556372 -1.52628E-07 0 0 3.94 1.57
0 1 0 0 0 0 0
5761.555608 3.266044172	-2.40285E-05 0 0 0 2.35
5145.251276 3.288231858	-2.54712E-05 0 0 0 2.40
5882.108294 3.154542248	-2.12262E-05 0 0 0 2.38
5428.420704 3.24954319	-2.38828E-05 0 0 0 2.36
0 1 0 0 0 0 0
5590.620829 3.264170627	-2.57136E-05 0 0 0 2.33
5826.067824 3.309491144	-2.64001E-05 0 0 0 2.32
5123.599455 3.412002189	-3.10953E-05 0 0 0 2.30
6332.078594 3.341540112	-2.66154E-05 0 0 0 2.29