0 1 0 0 0 3.142 0
0 1 0 0 0 3.534 0
0 1 0 0 0 3.927 0
0 1 0 0 0 4.320 0
0 1 0 0 0 4.712 0
0 1 0 0 0 5.105 0
0 1 0 0 0 5.498 0
0 1 0 0 0 5.890 0
0 1 0 0 0 0.0   0
0 1 0 0 0 0.393 0 
0 1 0 0 0 0.785 0
0 1 0 0 0 1.178 0
0 1 0 0 0 1.571 0
0 1 0 0 0 1.963 0
0 1 0 0 0 2.356 0
0 1 0 0 0 2.749 0
-1.158135 0.414350371 -7.67458E-08 0 0 0.978 1.66
-0.565278 0.358776388 -2.96582E-08 0 0 1.152 1.66
1.497923  0.305744251 2.54428E-08  0 0 0.978 1.48
0.780911  0.304317412 2.31653E-08  0 0 1.152 1.48
0 1 0 0 0 0 0
0 1 0 0 0 0 0
0 1 0 0 0 0 0
0 1 0 0 0 0 0
3914.921280 3.313968746	-2.09125E-05 0 0 0     0.359
4141.202214 3.228339089	-1.86603E-05 0 0 0     0.386
3728.855758 3.380634043	-2.30202E-05 0 0 0     0.412
3847.630447 3.289264671	-2.15917E-05 0 0 0     0.438
4161.451511 3.32439098	-2.14808E-05 0 0 0     0.463
4537.407399 3.271634848	-1.90075E-05 0 0 0     0.488
4301.632241 3.350990154	-2.22545E-05 0 0 0     0.512
4621.683803 3.334706196	-2.18504E-05 0 0 0     0.535
-0.049851   1.482663438 1.87637E-05  0 0 5.219 1.571
-2.436805   1.360938224 8.45515E-06  0 0 4.712 3.927
-6.952332   1.409740135 1.03685E-05  0 0 1.571 3.927
-5.034022   2.005025709 1.3359E-05   0 0 0.489 1.571
7.269416  0.428405 -6.13389E-06 2.99969E-09 -2.00995E-14 2.339 0
22.311404 0.345484 -6.80719E-07 5.02046E-09 -6.25605E-14 3.927 0
0 1 0 0 0 0 0
0 1 0 0 0 0 0
4583.838822 3.258766664	-2.09345E-05 0 0 0     0.558
5074.559811 3.18124509	-1.86217E-05 0 0 0     0.580
5193.546797 3.316112742	-2.02613E-05 0 0 0     0.601 
4131.730489 3.507182899	-2.84519E-05 0 0 0     0.622
5484.050828 3.243504592	-1.86098E-05 0 0 0     0.642
4815.704262 3.343501295	-2.33252E-05 0 0 0     0.662
5638.413165 3.190235511	-1.77716E-05 0 0 0     0.681
6225.572395 3.072496909	-1.41781E-05 0 0 0     0.699
1.463638    0.353995610 3.9034E-08   0 0 2.513 1.48
1.127920    0.364424235 3.4003E-08   0 0 2.339 1.48
0.705478    0.369864326 1.5597E-08   0 0 2.513 1.66
0.324968    0.365146721 -1.78547E-08 0 0 2.339 1.66
0 1 0 0 0 0 0
0.701635 0.700385372 7.39988E-08 0 0 3.944 1.57
0 1 0 0 0 0 0
5761.555608 3.266044172	-2.40285E-05 0 0 0 0.768
5145.251276 3.288231858	-2.54712E-05 0 0 0 0.717
5882.108294 3.154542248	-2.12262E-05 0 0 0 0.735
5428.420704 3.24954319	-2.38828E-05 0 0 0 0.752
0 1 0 0 0 0 0
5590.620829 3.264170627	-2.57136E-05 0 0 0 0.784
5826.067824 3.309491144	-2.64001E-05 0 0 0 0.799
5123.599455 3.412002189	-3.10953E-05 0 0 0 0.814
6332.078594 3.341540112	-2.66154E-05 0 0 0 0.828