0 1 0 0 0
0 1 0 0 0
0 1 0 0 0
0 1 0 0 0
0 1 0 0 0
0 1 0 0 0
0 1 0 0 0
0 1 0 0 0
0 1 0 0 0
0 1 0 0 0 
0 1 0 0 0
0 1 0 0 0
0 1 0 0 0
0 1 0 0 0
0 1 0 0 0
0 1 0 0 0
0.45619647 0.413317305 2.40804e-08 0 0 
0.113996123 0.358409239 4.8685e-10 0 0
1.20745806 0.305901337 1.25139e-08 0 0
0.59114756 0.30440758 1.66256e-08 0 0
0 1 0 0 0
0 1 0 0 0
0 1 0 0 0
0 1 0 0 0
0 1 0 0 0
2.552552553 1.651651652 0 0 0
13.47197107 0.994575045 0 0 0 
17.66467066 1.646706587 0 0 0
21.54294032 1.601164483 0 0 0
25.14792899 1.627218935 0 0 0
23.36719884 1.596516691 0 0 0
28.98134864 1.578192253 0 0 0
3.315527 1.473432957 2.21681e-05 0 0
-2.311448 1.360634 8.552213e-06 0 0
-3.1551481e-01 1.3930328 1.5913162e-05 0 0
-6.3301507 2.0085475 1.0867919e-05 0 0
6.5838571e+01 3.3479960e-01 2.7062727e-05 0 0
34.670287 0.27675799 3.94312e-05 0 0
0 1 0 0 0
0 1 0 0 0
-51.44076841 1.173959445 0 0 0
51.01214575 0.890688259 0 0 0
52.25375626 0.918196995 0 0 0
56.50741351 0.906095552 0 0 0 
50.33444816 0.919732441 0 0 0
49.70364098 0.931414056 0 0 0
52.45220283 0.914380715 0 0 0
44.06779661 0.93220339 0 0 0
0.333609385 0.354640631 -1.72834e-08 0 0
0.335029922 0.364872489 -4.64464e-09 0 0
0.573977689 0.369960298 5.18406e-09 0 0
0.643926222 0.36497582 -4.03479e-09 0 0
0 1 0 0 0
0.056530979 0.701131237 -5.64078e-08 0 0
0 1 0 0 0
38.42239186 0.932994063 0 0 0
39.49096880 0.903119869 0 0 0
39.70099668 0.913621262 0 0 0
38.11922754 0.923593619 0 0 0
0 1 0 0 0
35.02109705 0.928270042 0 0 0
32.36549957 0.939368061 0 0 0
32.08695652 0.956521739 0 0 0
30.50541516 0.992779783 0 0 0