0 1 0 1.374 0
0 1 0 0.982 0
0 1 0 0.589 0
0 1 0 0.196 0
0 1 0 6.087 0
0 1 0 5.694 0
0 1 0 5.301 0
0 1 0 4.909 0
0 1 0 4.516 0
0 1 0 4.123 0 
0 1 0 3.731 0
0 1 0 3.338 0
0 1 0 2.945 0
0 1 0 2.553 0
0 1 0 2.160 0
0 1 0 1.767 0
1.6857331 4.1251415e-01 -2.3962858e-08 0.978 1.48 
0.644129294 0.358044378	-3.91097e-08 1.152 1.48
1.34064804 0.305890033 -8.67124e-08 0.978 1.66
1.50416848 0.303872139 -1.53222e-08 1.152 1.66
0 1 0 0 0
0 1 0 0 0
0 1 0 0 0
0 1 0 0 0
0 1 0 0 2.775
2.552552553 1.651651652 0 0 2.755
13.47197107 0.994575045 0 0 2.722 
17.66467066 1.646706587 0 0 2.703
21.54294032 1.601164483 0 0 2.678
25.14792899 1.627218935 0 0 2.653
23.36719884 1.596516691 0 0 2.630
28.98134864 1.578192253 0 0 2.606
6.117092 1.463079636 2.3883E-05 5.219 1.571
-1.333232 1.357431001 9.25485E-06 5.428 3.142
1.463748 1.387799306 1.30841E-05 0.855 3.142
-13.227430 2.006315535 4.44621E-06 0.489 1.571
0 1 0 2.339 0.0
454.834651 0.030173221 6.69093E-05 3.927 0.0
0 1 0 0 0
0 1 0 0 0
-51.44076841 1.173959445 0 0 2.578
51.01214575 0.890688259  0 0 2.556
52.25375626 0.918196995  0 0 2.535 
56.50741351 0.906095552  0 0 2.514
50.33444816 0.919732441  0 0 2.494
49.70364098 0.931414056  0 0 2.475
52.45220283 0.914380715  0 0 2.456
44.06779661 0.93220339   0 0 2.438
0.49046343 0.354504949 -2.73371e-09 2.513 1.66
0.530010112 0.364733822 -5.10758e-09 2.339 1.66
1.34562715 0.369881672 1.67708e-09 2.513 1.48
1.55405512 0.364748544 8.52603e-09 2.339 1.48
0 1 0 0 0
0.056530979 0.701131237 -5.64078E-08 3.944 1.57  
0 1 0 0 0
38.42239186 0.932994063 0 0 2.370
39.49096880 0.903119869 0 0 2.420
39.70099668 0.913621262 0 0 2.403
38.11922754 0.923593619 0 0 2.386
0 1 0 0 0
35.02109705 0.928270042 0 0 2.354
32.36549957 0.939368061 0 0 2.339
32.08695652 0.956521739 0 0 2.324
30.50541516 0.992779783 0 0 2.310