0 1 0 0 0 1.374 0
0 1 0 0 0 0.982 0
0 1 0 0 0 0.589 0
0 1 0 0 0 0.196 0
0 1 0 0 0 6.087 0
0 1 0 0 0 5.694 0
0 1 0 0 0 5.301 0
0 1 0 0 0 4.909 0
0 1 0 0 0 4.516 0
0 1 0 0 0 4.123 0 
0 1 0 0 0 3.731 0
0 1 0 0 0 3.338 0
0 1 0 0 0 2.945 0
0 1 0 0 0 2.553 0
0 1 0 0 0 2.160 0
0 1 0 0 0 1.767 0
-1.158135 0.414350371 -7.67458E-08 0 0 0.978 1.66
-0.565278 0.358776388 -2.96582E-08 0 0 1.152 1.66
1.497923 0.305744251 2.54428E-08 0 0 0.978 1.48
0.780911 0.304317412 2.31653E-08 0 0 1.152 1.48
0 1 0 0 0 0 0
0 1 0 0 0 0 0
0 1 0 0 0 0 0
0 1 0 0 0 0 0
0 1 0 0 0 0 3.142
70.039529 3.690789502 0.000511313 0 0 0 3.142
-317.345961 2.80409957 -1.63907E-05 0 0 0 3.142
-243.615620 4.47637966 6.89063E-05 0 0 0 3.142
-441.699624 4.81228499 -0.000195673 0 0 0 3.142
-468.687958 4.974067319 -0.000223778 0 0 0 3.142
-314.839534 4.49312659 1.20826E-05 0 0 0 3.142
-326.759049 4.478208669 -4.59667E-06 0 0 0 3.142
-0.049851 1.482663438 1.87637E-05 0 0 5.219 1.571
-2.436805 1.360938224 8.45515E-06 0 0 5.428 3.142
-6.952332 1.409740135 1.03685E-05 0 0 0.855 3.142
-5.034022 2.005025709 1.3359E-05 0 0 0.489 1.571
7.269416 0.428405 -6.13389E-06 2.99969E-09 -2.00995E-14 2.339 0.0
22.311404 0.345484 -6.80719E-07 5.02046E-09 -6.25605E-14 3.927 0.0
0 1 0 0 0 0 0
0 1 0 0 0 0 0
169.531913 1.909281807 0.000257879  0 0 0 3.142
-212.574589 2.399148218 7.02352E-05  0 0 0 3.142
-190.430335 2.420372137 7.96815E-05  0 0 0 3.142 
-308.310713 2.60083456 2.92914E-05  0 0 0 3.142
-219.706991 2.480428164 7.06932E-05  0 0 0 3.142
-269.027000 2.583312475 4.49274E-05  0 0 0 3.142
-289.166405 2.56299981 3.64337E-05  0 0 0 3.142
58.874580 2.119558141 0.000199062  0 0 0 3.142
1.463638 0.353995610 3.9034E-08 0 0 2.513 1.48
1.127920 0.364424235 3.4003E-08 0 0 2.339 1.48
0.705478 0.369864326 1.5597E-08  0 0 2.513 1.66
0.324968 0.365146721 -1.78547E-08  0 0 2.339 1.66
0 1 0 0 0 0 0
0.701635 0.700385372 7.39988E-08 0 0 3.944 1.57
0 1 0 0 0 0 0
-156.191210 2.446188229 8.37674E-05 0 0 0 3.142
-106.569268 2.296264151 0.000108111 0 0 0 3.142
-48.549363 2.247717575 0.000129511 0 0 0 3.142
-96.900814 2.34101356 0.000109206 0 0 0 3.142
0 1 0 0 0 0 0
-552.143892 2.976568188 -0.000105089 0 0 0 3.142
-399.525750 2.79770679 -3.67488E-05 0 0 0 3.142
-355.976763 2.775540731 -1.20828E-05 0 0 0 3.142
-250.568126 2.702641113 3.20294E-05 0 0 0 3.142