0 1 0 0 0 1.374 0
0 1 0 0 0 0.982 0
0 1 0 0 0 0.589 0
0 1 0 0 0 0.196 0
0 1 0 0 0 6.087 0
0 1 0 0 0 5.694 0
0 1 0 0 0 5.301 0
0 1 0 0 0 4.909 0
0 1 0 0 0 4.516 0
0 1 0 0 0 4.123 0 
0 1 0 0 0 3.731 0
0 1 0 0 0 3.338 0
0 1 0 0 0 2.945 0
0 1 0 0 0 2.553 0
0 1 0 0 0 2.160 0
0 1 0 0 0 1.767 0
3.118505 0.411565679 7.06697E-08 0 0 0.978 1.66 
2.955733 0.356730277 7.34079E-08 0 0 1.152 1.66
4.144541 0.304045113 1.18596E-07 0 0 0.978 1.48
4.437974 0.302449846 8.85436E-08 0 0 1.152 1.48
0 1 0 0 0 0 0
0 1 0 0 0 0 0
0 1 0 0 0 0 0
0 1 0 0 0 0 0
0 1 0 0 0 0 3.142
-319.524220 4.601228004 -1.35903E-05  0 0 0 3.142
-437.308010 2.964242073 -7.03195E-05  0 0 0 3.142
-152.246478 4.225388665 0.000232356   0 0 0 3.142
-284.221568 4.424593089 4.48583E-05   0 0 0 3.142
-266.709805 4.461349819 8.12835E-05   0 0 0 3.142
-345.659986 4.556427142 -2.7036E-05   0 0 0 3.142
-401.234424 4.685165113 -0.000140248  0 0 0 3.142
5.026446   1.466178524 2.27826E-05 0 0 5.219 1.571
-1.761771  1.359574357 7.38144E-06 0 0 5.428 3.142
-0.832774  1.39426018  1.06868E-05 0 0 0.855 3.142
-13.143427 2.006139735 4.3728E-06  0 0 0.489 1.571
0 1 0 0 0 0 0
1.50692E-01 3.88516E-01 -3.38783E-05 1.20653E-08 -5.12224E-13 3.927 0.0
0 1 0 0 0 0 0
0 1 0 0 0 0 0
0 1 0 0 0 0 3.142
-404.669645 2.66067821  -1.48263E-05  0 0 0 3.142
-321.901574 2.618850015 2.92175E-05  0 0 0 3.142
-246.285571 2.497232128 5.70616E-05  0 0 0 3.142
-171.341790 2.432702862 8.44059E-05 0 0 0 3.142
-148.450672 2.418739517 0.000103539 0 0 0 3.142
-223.615178 2.497022793 5.72766E-05 0 0 0 3.142
-320.131779 2.657682555 1.71313E-05 0 0 0 3.142
1.9451060.353686295 6.66785E-08 0 0 2.513 1.48
2.495973 0.363600405 9.32782E-08 0 0 2.339 1.48
1.860365 0.36958049 2.81973E-08 0 0 2.513 1.66
0.453130 0.365370773 -4.42085E-08 0 0 2.339 1.66
0 1 0 0 0 0 0
-0.588765 0.70181938 -6.34351E-08 0 0 3.944 1.57  
0 1 0 0 0 0 0
-665.886649 3.150485577 -0.000167231 0 0 0 3.142
-351.288949 2.612353285 -1.30852E-06 0 0 0 3.142
-284.955781 2.543077124 3.32555E-05 0 0 0 3.142
-397.650088 2.72767623 -2.19985E-05  0 0 0 3.142
0 1 0 0 0 0 0
-356.044465 2.681598192 -5.99511E-06 0 0 0 3.142
-357.022034 2.71096439 -8.72135E-06  0 0 0 3.142
-329.547734 2.729304085 -1.90843E-06 0 0 0 3.142
-381.080535 2.909835451 -3.52339E-05 0 0 0 3.142