0 1 0 0 0 3.24 0
0 1 0 0 0 2.85 0
0 1 0 0 0 2.46 0
0 1 0 0 0 2.06 0
0 1 0 0 0 1.67 0
0 1 0 0 0 1.28 0
0 1 0 0 0 0.89 0
0 1 0 0 0 0.49 0
0 1 0 0 0 0.1  0
0 1 0 0 0 5.99 0 
0 1 0 0 0 5.60 0
0 1 0 0 0 5.20 0
0 1 0 0 0 4.81 0
0 1 0 0 0 4.42 0
0 1 0 0 0 4.03 0
0 1 0 0 0 3.63 0
1.6857331   4.1251415e-01 -2.3962858e-08 0 0 0.978 1.48 
0.644129294 0.358044378	  -3.91097e-08   0 0 1.152 1.48
1.34064804  0.305890033   -8.67124e-08   0 0 0.978 1.66
1.50416848  0.303872139   -1.53222e-08   0 0 1.152 1.66
0 1 0 0 0 0 0
0 1 0 0 0 0 0
0 1 0 0 0 0 0
0 1 0 0 0 0 0
3914.921280 3.313968746	-2.09125E-05 0 0 0 2.775
4141.202214 3.228339089	-1.86603E-05 0 0 0 2.755
3728.855758 3.380634043	-2.30202E-05 0 0 0 2.722 
3847.630447 3.289264671	-2.15917E-05 0 0 0 2.703
4161.451511 3.32439098	-2.14808E-05 0 0 0 2.678
4537.407399 3.271634848	-1.90075E-05 0 0 0 2.653
4301.632241 3.350990154	-2.22545E-05 0 0 0 2.630
4621.683803 3.334706196	-2.18504E-05 0 0 0 2.606
6.117092   1.463079636 2.3883E-05  0 0 5.219 1.571
-1.333232  1.357431001 9.25485E-06 0 0 5.428 3.142
1.463748   1.387799306 1.30841E-05 0 0 0.855 3.142
-13.227430 2.006315535 4.44621E-06 0 0 0.489 1.571
0 1 0 0 0 0 0
1.50692E-01 3.88516E-01 -3.38783E-05 1.20653E-08 -5.12224E-13 3.927 0.0
0 1 0 0 0 0 0
0 1 0 0 0 0 0
4583.838822 3.258766664	-2.09345E-05 0 0 0 2.578
5074.559811 3.18124509	-1.86217E-05 0 0 0 2.556
5193.546797 3.316112742	-2.02613E-05 0 0 0 2.535 
4131.730489 3.507182899	-2.84519E-05 0 0 0 2.514
5484.050828 3.243504592	-1.86098E-05 0 0 0 2.494
4815.704262 3.343501295	-2.33252E-05 0 0 0 2.475
5638.413165 3.190235511	-1.77716E-05 0 0 0 2.456
6225.572395 3.072496909	-1.41781E-05 0 0 0 2.438
0.49046343  0.354504949 -2.73371e-09 0 0 2.513 1.66
0.530010112 0.364733822 -5.10758e-09 0 0 2.339 1.66
1.34562715  0.369881672 1.67708e-09  0 0 2.513 1.48
1.55405512  0.364748544 8.52603e-09  0 0 2.339 1.48
0 1 0 0 0 0 0
0.056530979 0.701131237 -5.64078E-08 0 0 3.944 1.57
0 1 0 0 0 0 0
5761.555608 3.266044172	-2.40285E-05 0 0 0 2.370
5145.251276 3.288231858	-2.54712E-05 0 0 0 2.420
5882.108294 3.154542248	-2.12262E-05 0 0 0 2.403
5428.420704 3.24954319	-2.38828E-05 0 0 0 2.386
0 1 0 0 0 0 0
5590.620829 3.264170627	-2.57136E-05 0 0 0 2.354
5826.067824 3.309491144	-2.64001E-05 0 0 0 2.339
5123.599455 3.412002189	-3.10953E-05 0 0 0 2.324
6332.078594 3.341540112	-2.66154E-05 0 0 0 2.310