3365.971462 5.838938759 -8.48434E-05 0 0 3.142 0
3886.396990 5.674767913 -7.57103E-05 0 0 3.534 0
4036.609784 5.576005716 -7.11908E-05 0 0 3.927 0
4104.606811 5.641921168 -7.25172E-05 0 0 4.320 0
4824.582017 5.426035951 -6.08056E-05 0 0 4.712 0
4799.245902 5.477868911 -5.85247E-05 0 0 5.105 0
4025.231451 5.723887197 -7.53981E-05 0 0 5.498 0
4178.290146 5.596088056 -6.85286E-05 0 0 5.890 0
4071.747912 5.637888545 -7.12396E-05 0 0 0.0   0
3362.804084 5.827203521 -8.45288E-05 0 0 0.393 0 
3007.648629 5.909254797 -9.14113E-05 0 0 0.785 0
2478.303727 6.060570993 -0.000100159 0 0 1.178 0
3849.883192 5.610993984 -6.98716E-05 0 0 1.571 0
2909.519700 5.873822991 -8.88027E-05 0 0 1.963 0
3090.817467 5.893565108 -8.72412E-05 0 0 2.356 0
4176.382252 5.680028875 -7.236E-05   0 0 2.749 0
3.118505 0.411565679 7.06697E-08 0 0 0.978 1.66 
2.955733 0.356730277 7.34079E-08 0 0 1.152 1.66
4.144541 0.304045113 1.18596E-07 0 0 0.978 1.48
4.437974 0.302449846 8.85436E-08 0 0 1.152 1.48
0 1 0 0 0 0 0
0 1 0 0 0 0 0
0 1 0 0 0 0 0
0 1 0 0 0 0 0
3914.921280 3.313968746	-2.09125E-05  0 0 0     0.359
4141.202214 3.228339089	-1.86603E-05  0 0 0     0.386
3728.855758 3.380634043	-2.30202E-05  0 0 0     0.412
3847.630447 3.289264671	-2.15917E-05  0 0 0     0.438
4161.451511 3.32439098	-2.14808E-05  0 0 0     0.463
4537.407399 3.271634848	-1.90075E-05  0 0 0     0.488
4301.632241 3.350990154	-2.22545E-05  0 0 0     0.512
4621.683803 3.334706196	-2.18504E-05  0 0 0     0.535
5.026446    1.466178524 2.27826E-05   0 0 5.219 1.571
-1.761771   1.359574357 7.38144E-06   0 0 5.428 3.142
-0.832774   1.39426018  1.06868E-05   0 0 0.855 3.142
-13.143427  2.006139735 4.3728E-06    0 0 0.489 1.571
7.269416    0.428405    -6.13389E-06 2.99969E-09 -2.00995E-14 2.339 0
1.50692E-01 3.88516E-01 -3.38783E-05 1.20653E-08 -5.12224E-13 3.927 0
0 1 0 0 0 0 0
0 1 0 0 0 0 0
4583.838822 3.258766664	-2.09345E-05 0 0 0     0.558
5074.559811 3.18124509	-1.86217E-05 0 0 0     0.580
5193.546797 3.316112742	-2.02613E-05 0 0 0     0.601
4131.730489 3.507182899	-2.84519E-05 0 0 0     0.622
5484.050828 3.243504592	-1.86098E-05 0 0 0     0.642
4815.704262 3.343501295	-2.33252E-05 0 0 0     0.662
5638.413165 3.190235511	-1.77716E-05 0 0 0     0.681
6225.572395 3.072496909	-1.41781E-05 0 0 0     0.699
1.945106    0.353686295 6.66785E-08  0 0 2.513 1.48
2.495973    0.363600405 9.32782E-08  0 0 2.339 1.48
1.860365    0.36958049  2.81973E-08  0 0 2.513 1.66
0.453130    0.365370773 -4.42085E-08 0 0 2.339 1.66
0 1 0 0 0 0 0
0.701635 0.700385372 7.39988E-08 0 0 3.944 1.57  
0 1 0 0 0 0 0
5761.555608 3.266044172	-2.40285E-05 0 0 0 0.768
5145.251276 3.288231858	-2.54712E-05 0 0 0 0.717
5882.108294 3.154542248	-2.12262E-05 0 0 0 0.735
5428.420704 3.24954319	-2.38828E-05 0 0 0 0.752
0 1 0 0 0 0 0
5590.620829 3.264170627	-2.57136E-05 0 0 0 0.784
5826.067824 3.309491144	-2.64001E-05 0 0 0 0.799
5123.599455 3.412002189	-3.10953E-05 0 0 0 0.814
6332.078594 3.341540112	-2.66154E-05 0 0 0 0.828